0.059814 0.043823 0.022156 0.015076 0.011230 0.009277 0.007874 0.008728 0.007812 0.010498 0.009338 0.010132 0.011597 0.011292 0.008545 0.009521 0.007019 0.007996 0.006653 0.007507 0.009216 0.012329 0.018677 0.033264 0.051941 0.588684
0.067810 0.041504 0.022034 0.012390 0.008667 0.007812 0.009155 0.007141 0.007263 0.008789 0.007935 0.010254 0.011353 0.010132 0.007507 0.007812 0.006042 0.006470 0.004578 0.005737 0.005615 0.010071 0.014832 0.036072 0.059692 0.603333
0.083679 0.048218 0.022034 0.011047 0.007812 0.006409 0.004944 0.004822 0.004883 0.005066 0.004761 0.004028 0.006104 0.008789 0.003601 0.005371 0.003174 0.003479 0.003540 0.006104 0.005859 0.008911 0.015869 0.039612 0.068420 0.613464
0.069153 0.046692 0.023560 0.012817 0.009460 0.009338 0.007690 0.009949 0.010925 0.009583 0.012207 0.014526 0.012390 0.010864 0.007263 0.008972 0.006470 0.006348 0.006592 0.006348 0.007263 0.012451 0.018127 0.038879 0.060669 0.561462
0.069153 0.054260 0.021545 0.013611 0.010681 0.008118 0.004944 0.007568 0.005554 0.006470 0.006287 0.005066 0.005310 0.008240 0.004028 0.004822 0.002808 0.005371 0.002625 0.003784 0.003906 0.008423 0.013184 0.032227 0.061340 0.630676
0.075134 0.057678 0.021973 0.012024 0.007080 0.004761 0.003174 0.002869 0.003723 0.003967 0.005188 0.006104 0.005737 0.005920 0.003601 0.005432 0.003845 0.005371 0.002991 0.005859 0.005493 0.009766 0.018066 0.038757 0.061523 0.623962
0.074707 0.050415 0.019958 0.010437 0.006653 0.006409 0.005249 0.005859 0.004700 0.004822 0.005676 0.006897 0.009460 0.010986 0.006470 0.007446 0.004700 0.005371 0.003906 0.004517 0.006531 0.009705 0.017029 0.036499 0.060974 0.614624
0.080017 0.060181 0.019714 0.009949 0.005371 0.003174 0.002869 0.002991 0.001526 0.001709 0.002441 0.002014 0.002991 0.006897 0.002075 0.005676 0.001770 0.005005 0.002930 0.003662 0.004395 0.007568 0.014893 0.042542 0.063599 0.644043
0.077271 0.050110 0.018250 0.007874 0.005920 0.003784 0.002502 0.003540 0.003479 0.003601 0.004456 0.003418 0.004333 0.007446 0.005005 0.007202 0.002747 0.006042 0.004150 0.003845 0.005066 0.007324 0.015991 0.045410 0.063232 0.638000
0.067444 0.051880 0.022156 0.011475 0.009033 0.007080 0.006714 0.006531 0.006592 0.006287 0.005493 0.007446 0.006836 0.007263 0.004395 0.007019 0.004944 0.005249 0.004822 0.006470 0.006775 0.010742 0.020020 0.039978 0.063110 0.604248
0.070312 0.053528 0.021118 0.011780 0.006897 0.006592 0.005737 0.005249 0.005737 0.005493 0.005066 0.005676 0.006104 0.007385 0.005432 0.006165 0.003967 0.004822 0.003784 0.004211 0.005188 0.007568 0.016541 0.039490 0.066406 0.619751
0.064026 0.051025 0.020386 0.007812 0.003906 0.003601 0.002869 0.003357 0.002991 0.005432 0.004150 0.013428 0.017334 0.029114 0.006042 0.005737 0.002380 0.006287 0.003235 0.005066 0.005554 0.008362 0.016357 0.040222 0.063721 0.607605
0.068848 0.044312 0.020935 0.013062 0.008911 0.007874 0.007202 0.006409 0.007324 0.006531 0.008545 0.009583 0.011963 0.011963 0.006897 0.009277 0.005371 0.006653 0.004761 0.007690 0.007324 0.008118 0.017212 0.038452 0.058777 0.596008
0.056335 0.036987 0.020874 0.013733 0.011292 0.009155 0.010498 0.013733 0.013489 0.015381 0.017822 0.020630 0.023132 0.018677 0.014893 0.010986 0.008972 0.008972 0.007935 0.008362 0.007629 0.012939 0.018860 0.032471 0.054688 0.531555
0.062744 0.039978 0.020386 0.013428 0.010071 0.008301 0.007080 0.007874 0.007690 0.008057 0.008972 0.010620 0.012390 0.015991 0.008789 0.011047 0.006775 0.008362 0.006836 0.006592 0.007385 0.012634 0.019836 0.036377 0.053711 0.588074
0.072876 0.048340 0.022400 0.010559 0.007996 0.006104 0.005737 0.006714 0.005554 0.005127 0.006348 0.008545 0.010437 0.010864 0.005920 0.008179 0.004517 0.005249 0.003784 0.004211 0.005371 0.010437 0.017517 0.040588 0.066528 0.600098
0.060913 0.041870 0.025818 0.018311 0.012695 0.011047 0.008667 0.007874 0.006836 0.010498 0.010193 0.011658 0.014587 0.013611 0.007874 0.008728 0.005737 0.005920 0.007324 0.008362 0.009766 0.013489 0.018005 0.035522 0.059937 0.564758
0.088135 0.061401 0.024109 0.011902 0.006287 0.004883 0.003662 0.003418 0.003296 0.003357 0.002747 0.002441 0.002625 0.005066 0.001953 0.003113 0.001831 0.002625 0.002197 0.004333 0.004639 0.007385 0.013184 0.041199 0.070618 0.623596
0.069519 0.049622 0.024902 0.014526 0.009705 0.007568 0.006348 0.006165 0.005920 0.006653 0.006165 0.006653 0.006897 0.008606 0.005493 0.007812 0.005005 0.006042 0.005432 0.005737 0.006714 0.010071 0.016235 0.033997 0.056519 0.611694
0.081604 0.055115 0.022583 0.011353 0.007263 0.005188 0.004150 0.003784 0.003418 0.003235 0.003113 0.003113 0.002380 0.005005 0.002869 0.005493 0.002258 0.003174 0.002136 0.004944 0.004028 0.007324 0.016785 0.041138 0.059998 0.638550
0.065918 0.049622 0.020081 0.012146 0.008545 0.008240 0.007202 0.006897 0.007751 0.008118 0.007141 0.008179 0.008850 0.011841 0.005798 0.008545 0.005432 0.006836 0.006042 0.006104 0.006042 0.010986 0.017090 0.034668 0.056396 0.605530
0.070984 0.042236 0.024231 0.015808 0.011536 0.009644 0.008667 0.008484 0.008118 0.007446 0.008545 0.008911 0.008362 0.009155 0.005371 0.006287 0.004578 0.005066 0.005188 0.007141 0.007263 0.009949 0.017822 0.037720 0.062378 0.589111
0.082764 0.062317 0.017822 0.010193 0.006348 0.005005 0.004150 0.004578 0.003052 0.002441 0.002563 0.003479 0.002808 0.002441 0.001770 0.002686 0.001404 0.006104 0.002869 0.005493 0.002625 0.008423 0.015015 0.047913 0.073975 0.621765
0.073975 0.052185 0.028442 0.016602 0.012207 0.007385 0.005493 0.006958 0.006958 0.007324 0.005554 0.007141 0.006287 0.008057 0.004822 0.007874 0.003296 0.005493 0.004211 0.005127 0.006775 0.009888 0.018372 0.038452 0.059631 0.591492
0.081482 0.056824 0.019165 0.009460 0.006653 0.002747 0.002686 0.002380 0.002258 0.002380 0.002991 0.003113 0.003479 0.008240 0.003052 0.005005 0.002686 0.004944 0.002075 0.003723 0.005066 0.009155 0.016479 0.042175 0.066895 0.634888
0.084473 0.061890 0.022217 0.010010 0.005859 0.003296 0.002258 0.002319 0.001831 0.001526 0.001953 0.002075 0.001465 0.004272 0.001404 0.004700 0.001099 0.001648 0.002319 0.003967 0.003662 0.006836 0.016052 0.040894 0.066345 0.645630
0.061401 0.046204 0.016174 0.010498 0.007996 0.006348 0.007080 0.007080 0.007690 0.008057 0.009583 0.012756 0.013611 0.017151 0.007874 0.008179 0.005493 0.006592 0.004333 0.005493 0.006104 0.010925 0.017395 0.037170 0.059204 0.599609
0.072876 0.046997 0.021301 0.011536 0.008179 0.006775 0.005615 0.005371 0.005432 0.004700 0.006104 0.006714 0.007263 0.011353 0.005554 0.008789 0.004028 0.005188 0.004517 0.005127 0.005554 0.009277 0.015320 0.040955 0.065491 0.609985
0.079224 0.058838 0.024292 0.011047 0.007874 0.005615 0.004944 0.004028 0.004150 0.004028 0.003113 0.005005 0.004944 0.006897 0.003662 0.005005 0.003174 0.002991 0.002747 0.005432 0.005066 0.008423 0.013916 0.038330 0.061646 0.625610
0.072998 0.052917 0.020508 0.008972 0.006653 0.004639 0.003662 0.005127 0.004150 0.004578 0.005920 0.010254 0.016113 0.014709 0.004211 0.006592 0.004272 0.004578 0.003418 0.003357 0.004028 0.006897 0.016296 0.040405 0.063171 0.611572
0.069397 0.046692 0.023193 0.012024 0.009338 0.008789 0.006042 0.006226 0.006958 0.006897 0.007202 0.008667 0.008911 0.009583 0.005310 0.007629 0.004639 0.006470 0.004822 0.005859 0.008057 0.010132 0.018066 0.037781 0.062378 0.598938
0.049744 0.036987 0.020630 0.011841 0.007568 0.004883 0.005066 0.006897 0.007324 0.010620 0.011230 0.017029 0.017944 0.017090 0.010498 0.007629 0.006531 0.005615 0.005676 0.007874 0.006409 0.011230 0.018250 0.033386 0.060852 0.601196
0.075806 0.053894 0.022339 0.010803 0.007751 0.006409 0.004639 0.005127 0.005432 0.005127 0.005859 0.006470 0.006653 0.009033 0.004822 0.008118 0.004089 0.005188 0.003479 0.005493 0.004456 0.007812 0.019348 0.036682 0.058105 0.617065
0.068420 0.040039 0.021667 0.013123 0.010254 0.009460 0.006653 0.005310 0.006653 0.005676 0.005554 0.006470 0.007690 0.007324 0.005615 0.006104 0.004333 0.005249 0.005493 0.007874 0.006531 0.009888 0.016724 0.037109 0.067627 0.613159
0.064392 0.043762 0.019287 0.010864 0.009033 0.006531 0.006042 0.004639 0.005005 0.006836 0.008484 0.012451 0.013062 0.014404 0.008972 0.010010 0.005432 0.006592 0.005676 0.006165 0.007874 0.011658 0.019531 0.037415 0.062134 0.593750
0.066467 0.043884 0.024841 0.016113 0.011292 0.008240 0.008362 0.006897 0.007019 0.007690 0.007019 0.007446 0.010193 0.009277 0.006653 0.007202 0.005676 0.004395 0.005676 0.007507 0.009583 0.012207 0.022461 0.036560 0.063660 0.583679
0.075073 0.048401 0.020203 0.011047 0.006470 0.005310 0.004700 0.004578 0.005127 0.004639 0.004700 0.006958 0.007751 0.009766 0.006836 0.007385 0.003662 0.003723 0.005188 0.006287 0.004456 0.009277 0.016479 0.040588 0.066406 0.614990
0.076233 0.054810 0.022156 0.012146 0.007874 0.005371 0.003418 0.004089 0.002869 0.002747 0.003052 0.002441 0.002502 0.004639 0.002136 0.004578 0.001648 0.003540 0.002869 0.004578 0.004089 0.009033 0.013062 0.034729 0.058899 0.656494
0.063354 0.045166 0.027954 0.015930 0.011353 0.007324 0.008179 0.009094 0.008301 0.008789 0.012390 0.015869 0.018494 0.015991 0.009583 0.008667 0.005676 0.005798 0.005249 0.005920 0.006104 0.009216 0.019531 0.036560 0.060059 0.559448
0.075439 0.049561 0.022705 0.010498 0.007080 0.005859 0.003967 0.005859 0.005554 0.004822 0.005981 0.004700 0.006775 0.007935 0.004089 0.006348 0.004211 0.002686 0.004822 0.004822 0.004883 0.007996 0.016663 0.041748 0.063293 0.621704
0.065491 0.043457 0.017578 0.010986 0.008179 0.007629 0.007446 0.005920 0.006531 0.007263 0.007690 0.009766 0.009521 0.007629 0.006470 0.006470 0.005615 0.005920 0.004761 0.006470 0.006714 0.010620 0.019714 0.036194 0.056396 0.619568
0.072876 0.053040 0.019958 0.010803 0.005798 0.004028 0.003357 0.004333 0.003845 0.002563 0.003235 0.004150 0.004456 0.006531 0.005066 0.006409 0.002930 0.005127 0.004639 0.006287 0.005493 0.009583 0.018677 0.041565 0.061157 0.634094
0.075684 0.046692 0.024353 0.012573 0.009033 0.007019 0.005920 0.004883 0.006287 0.005310 0.005676 0.006836 0.008362 0.008850 0.004517 0.007385 0.005981 0.005249 0.005310 0.007507 0.006348 0.010559 0.017517 0.038452 0.062012 0.601685
0.076172 0.050720 0.023132 0.011841 0.008240 0.005615 0.004089 0.006287 0.002441 0.004333 0.004578 0.005798 0.007019 0.010376 0.004028 0.005737 0.002747 0.003784 0.003784 0.005005 0.005737 0.009399 0.017639 0.039551 0.062378 0.619568
0.057983 0.044434 0.016724 0.011902 0.007874 0.006653 0.004639 0.007263 0.007324 0.008118 0.010803 0.011597 0.011963 0.017822 0.011108 0.018311 0.007080 0.011475 0.006714 0.008179 0.008606 0.012512 0.020020 0.036316 0.061523 0.573059
0.077026 0.054871 0.020142 0.008545 0.005737 0.004517 0.003235 0.002930 0.004211 0.004456 0.003906 0.005737 0.007629 0.010132 0.004822 0.005493 0.003479 0.006042 0.003418 0.004883 0.005981 0.008667 0.018494 0.039124 0.063416 0.623108
0.075317 0.054749 0.021973 0.009644 0.006775 0.004211 0.003235 0.003906 0.002991 0.002869 0.003601 0.003967 0.004211 0.007019 0.003235 0.004700 0.002441 0.004639 0.004272 0.005127 0.005798 0.007568 0.015808 0.041626 0.063416 0.636902
0.075378 0.048828 0.024414 0.014038 0.010254 0.007996 0.005371 0.006409 0.007568 0.006226 0.005920 0.006592 0.005310 0.008423 0.004333 0.006104 0.003235 0.003418 0.003784 0.004578 0.005493 0.009155 0.017334 0.033386 0.063354 0.613098
0.072754 0.049927 0.020691 0.010681 0.007446 0.005981 0.006104 0.005493 0.005676 0.005920 0.004761 0.007202 0.006592 0.007996 0.006226 0.007874 0.004211 0.005737 0.005615 0.005066 0.006226 0.009644 0.017029 0.037781 0.058838 0.618530
0.074036 0.050049 0.017944 0.009033 0.006653 0.005066 0.004028 0.004395 0.003906 0.004822 0.005188 0.006714 0.007263 0.008545 0.005371 0.007751 0.004089 0.005554 0.004761 0.004150 0.006042 0.010071 0.016479 0.039246 0.063904 0.624939
0.064392 0.045349 0.020813 0.010498 0.008484 0.007690 0.005920 0.007812 0.007996 0.007996 0.008789 0.009521 0.010010 0.011597 0.007874 0.009460 0.006165 0.005371 0.004150 0.005493 0.006470 0.009094 0.015320 0.034302 0.057190 0.612244
0.067078 0.041748 0.019348 0.012878 0.011047 0.007751 0.007568 0.008240 0.007874 0.010498 0.010803 0.013306 0.014160 0.015869 0.011292 0.009033 0.005859 0.005981 0.005798 0.006836 0.007385 0.009827 0.018433 0.037170 0.059265 0.574951
0.071350 0.045410 0.019104 0.011414 0.007141 0.006287 0.005188 0.004822 0.005310 0.006226 0.006226 0.006470 0.008423 0.009827 0.006897 0.007019 0.003906 0.004211 0.004578 0.004578 0.004578 0.006958 0.016846 0.039124 0.059814 0.628296
0.075928 0.050110 0.025452 0.012451 0.008484 0.005859 0.005249 0.005981 0.006470 0.005249 0.004272 0.004028 0.004395 0.006592 0.003174 0.005493 0.002014 0.005127 0.003845 0.005310 0.004822 0.009888 0.016052 0.035889 0.058044 0.629822
0.078430 0.049988 0.020569 0.011902 0.007446 0.005859 0.005798 0.005127 0.005615 0.005249 0.005737 0.005981 0.006897 0.008301 0.004333 0.005249 0.003723 0.004944 0.004272 0.005188 0.005432 0.009338 0.016418 0.037964 0.061096 0.619141
0.061218 0.044434 0.017151 0.009155 0.006714 0.006348 0.005554 0.005554 0.005554 0.006409 0.007446 0.011414 0.010925 0.010010 0.006165 0.005981 0.005554 0.004883 0.005249 0.005615 0.007080 0.010681 0.018311 0.037537 0.062317 0.622742
0.068787 0.050415 0.022522 0.011963 0.008240 0.008972 0.006836 0.006531 0.007629 0.005859 0.006409 0.009155 0.011414 0.009277 0.006287 0.005737 0.004395 0.005920 0.004089 0.007263 0.006287 0.010315 0.016602 0.039917 0.065125 0.594055
0.064697 0.039185 0.021423 0.011658 0.009949 0.008789 0.009583 0.008667 0.010010 0.007202 0.008728 0.010803 0.012939 0.012939 0.008118 0.008667 0.008423 0.007080 0.007629 0.008789 0.007141 0.011536 0.017639 0.034607 0.055359 0.588440
0.076233 0.048767 0.019409 0.008972 0.005371 0.005249 0.003479 0.004578 0.003967 0.004272 0.004700 0.006165 0.006348 0.007629 0.004883 0.006165 0.003662 0.003906 0.002930 0.005249 0.003723 0.007507 0.015808 0.040894 0.063599 0.636536
0.065369 0.046204 0.019104 0.010315 0.007996 0.008667 0.006714 0.008667 0.009216 0.007751 0.008728 0.010437 0.012512 0.011230 0.009094 0.010681 0.005005 0.006104 0.004578 0.006287 0.006775 0.008972 0.017029 0.037109 0.060669 0.594788
0.077454 0.048950 0.021301 0.010193 0.007446 0.004578 0.004395 0.003906 0.004028 0.005554 0.005249 0.006592 0.007935 0.011353 0.005371 0.007446 0.004639 0.004089 0.003845 0.005371 0.005798 0.010071 0.018982 0.035339 0.058350 0.621765
0.078979 0.054382 0.024780 0.013428 0.010803 0.007507 0.005249 0.005188 0.004395 0.003418 0.003601 0.004456 0.003723 0.005310 0.002014 0.004822 0.001709 0.003601 0.002441 0.004272 0.003601 0.007996 0.014160 0.037842 0.063049 0.629272
0.065247 0.042236 0.019043 0.010315 0.007690 0.007446 0.007446 0.007996 0.008606 0.007507 0.009216 0.009216 0.008545 0.011292 0.008789 0.009094 0.005249 0.008179 0.005005 0.006409 0.005310 0.009094 0.014343 0.033325 0.057251 0.616150
0.073975 0.056274 0.024719 0.008850 0.007812 0.006226 0.004089 0.003418 0.003967 0.004517 0.005188 0.004150 0.004211 0.007446 0.004639 0.007080 0.003052 0.006897 0.003540 0.004272 0.006042 0.008484 0.015564 0.035645 0.062927 0.627014
0.057617 0.042847 0.021912 0.012756 0.012207 0.011963 0.010925 0.009705 0.012634 0.011597 0.013916 0.016357 0.016663 0.016174 0.012024 0.011475 0.008728 0.006592 0.007385 0.006470 0.008972 0.010681 0.018677 0.033203 0.054810 0.553711
0.077087 0.051941 0.021423 0.011902 0.007385 0.006775 0.004456 0.005859 0.003784 0.004883 0.003296 0.004211 0.005615 0.006958 0.003479 0.006165 0.002380 0.004333 0.003174 0.004272 0.003967 0.005920 0.014587 0.041809 0.056274 0.638062
0.075012 0.050171 0.021301 0.011719 0.008911 0.006531 0.005615 0.006104 0.006409 0.005554 0.007141 0.007996 0.008179 0.009521 0.006042 0.007141 0.005798 0.005737 0.004883 0.006897 0.006958 0.009460 0.019409 0.037048 0.062805 0.597656
0.074585 0.052002 0.020691 0.010437 0.007080 0.004700 0.004089 0.003296 0.003418 0.003601 0.004028 0.004028 0.003906 0.004578 0.003601 0.005554 0.003540 0.004456 0.004944 0.005005 0.005676 0.010620 0.017700 0.041748 0.063477 0.633240
0.089111 0.059692 0.021912 0.010681 0.006226 0.004028 0.004028 0.004150 0.003052 0.003479 0.002747 0.003540 0.003540 0.005859 0.002991 0.005737 0.002930 0.003479 0.002930 0.004333 0.004456 0.008545 0.016052 0.040527 0.067322 0.618652
0.069824 0.044617 0.019226 0.010620 0.007629 0.006165 0.004089 0.004639 0.005310 0.006287 0.007446 0.008606 0.009888 0.014099 0.006470 0.008972 0.004700 0.004822 0.004456 0.006714 0.005493 0.009583 0.016174 0.041016 0.065735 0.607422
0.065552 0.046570 0.016724 0.011230 0.008667 0.009155 0.007874 0.007751 0.007263 0.007324 0.008179 0.010864 0.009216 0.008362 0.007202 0.008606 0.005676 0.006592 0.004761 0.005737 0.005920 0.010620 0.020752 0.036377 0.066895 0.596130
0.054932 0.049011 0.020081 0.009888 0.008240 0.007080 0.006287 0.006287 0.006958 0.008362 0.009155 0.011475 0.013000 0.012634 0.008667 0.012207 0.006042 0.010742 0.006714 0.007751 0.008362 0.012207 0.021667 0.037231 0.078308 0.566711
0.064941 0.040771 0.025940 0.016174 0.013977 0.012634 0.008728 0.009521 0.009033 0.009827 0.008667 0.008240 0.008423 0.012085 0.007812 0.008484 0.006104 0.006531 0.007080 0.008850 0.008240 0.013000 0.017761 0.036133 0.061279 0.569763
0.067627 0.038147 0.022766 0.011719 0.008301 0.008179 0.004395 0.004028 0.005005 0.005676 0.004944 0.003723 0.006104 0.005371 0.004700 0.004456 0.004456 0.004517 0.003235 0.007019 0.005554 0.010071 0.017700 0.038757 0.062744 0.640808
0.089478 0.053284 0.022644 0.010925 0.006775 0.005493 0.004761 0.004028 0.003235 0.002930 0.003601 0.003418 0.003052 0.003052 0.002563 0.002686 0.002319 0.005127 0.002930 0.003662 0.003479 0.012024 0.017395 0.043884 0.072632 0.614624
0.084045 0.051392 0.025330 0.012512 0.007812 0.005676 0.005188 0.004944 0.004272 0.003662 0.004028 0.005127 0.005432 0.008423 0.004211 0.005859 0.002686 0.003845 0.002869 0.005310 0.004517 0.008484 0.017822 0.040833 0.067627 0.608093
0.071899 0.047119 0.021729 0.013428 0.009033 0.006653 0.005615 0.005737 0.005798 0.006165 0.007935 0.009888 0.008484 0.011963 0.005432 0.007751 0.005127 0.007446 0.004944 0.007568 0.008850 0.010620 0.019470 0.036621 0.059021 0.595703
0.070862 0.051086 0.021484 0.014221 0.010986 0.007080 0.005859 0.006714 0.005310 0.006165 0.005920 0.005798 0.006104 0.006714 0.004150 0.004272 0.003052 0.004517 0.004578 0.005432 0.006653 0.009033 0.016968 0.037292 0.060974 0.618774
0.064148 0.043030 0.019714 0.012268 0.009705 0.008545 0.008057 0.008545 0.007202 0.008240 0.009705 0.010315 0.009705 0.013733 0.008240 0.009216 0.005432 0.008911 0.005188 0.007507 0.007935 0.012695 0.018433 0.031311 0.052307 0.599915
0.061279 0.045898 0.017090 0.010437 0.007935 0.007629 0.005920 0.007568 0.007568 0.007385 0.008423 0.011108 0.011780 0.013000 0.007629 0.009399 0.005371 0.006714 0.005005 0.004944 0.004883 0.008057 0.015625 0.034851 0.061401 0.613098
0.072083 0.044312 0.023071 0.011658 0.008057 0.005676 0.005859 0.005493 0.005676 0.006470 0.007935 0.010559 0.012085 0.013000 0.006897 0.006836 0.005127 0.006470 0.005188 0.004639 0.006897 0.011841 0.018982 0.041504 0.067261 0.586426
0.051086 0.033081 0.020386 0.012451 0.010681 0.010681 0.010132 0.010193 0.011230 0.014160 0.013977 0.015503 0.016418 0.013306 0.011475 0.008118 0.007568 0.005920 0.005371 0.009338 0.008362 0.012268 0.018005 0.033264 0.057617 0.579407
0.072632 0.045776 0.020935 0.011902 0.006531 0.005493 0.006409 0.005249 0.005005 0.005737 0.005066 0.005798 0.006897 0.008179 0.005127 0.006409 0.003235 0.005066 0.004944 0.005066 0.005737 0.010254 0.016602 0.040100 0.060486 0.625366
0.069153 0.052368 0.017883 0.010010 0.006897 0.005676 0.006165 0.006348 0.006714 0.008301 0.008606 0.010010 0.010437 0.010254 0.007690 0.009705 0.005371 0.005310 0.005676 0.008179 0.007141 0.010071 0.015320 0.040894 0.054749 0.601074
0.083618 0.054382 0.023682 0.010193 0.007446 0.005615 0.003906 0.003296 0.002808 0.002747 0.002563 0.002808 0.002441 0.003784 0.002380 0.005066 0.002136 0.002869 0.003174 0.004639 0.005676 0.008362 0.017395 0.040588 0.070740 0.627686
0.070557 0.049316 0.022034 0.012451 0.009155 0.006470 0.004944 0.006348 0.005859 0.005554 0.007324 0.008606 0.009094 0.010132 0.007019 0.007935 0.003601 0.005371 0.003845 0.004028 0.005554 0.008545 0.016907 0.036804 0.062744 0.609802
0.067017 0.048645 0.020386 0.011719 0.006836 0.008179 0.006775 0.006958 0.005981 0.008179 0.007690 0.012024 0.012390 0.009216 0.005859 0.006165 0.004761 0.004700 0.004211 0.007324 0.008057 0.011963 0.019287 0.041565 0.055115 0.598999
0.069519 0.048340 0.022095 0.011353 0.009521 0.005676 0.004761 0.004700 0.006531 0.005249 0.006836 0.006165 0.007263 0.009888 0.005554 0.007202 0.004761 0.007141 0.005798 0.005737 0.006775 0.009033 0.017517 0.035828 0.058411 0.618347
0.080750 0.058777 0.023193 0.010803 0.006104 0.004822 0.003418 0.003906 0.003662 0.002747 0.003052 0.002686 0.003845 0.004150 0.002136 0.005737 0.002808 0.003113 0.003418 0.004944 0.004517 0.008484 0.019287 0.039001 0.062317 0.632324
0.087341 0.058167 0.018860 0.009644 0.006958 0.006470 0.004089 0.004089 0.003906 0.003967 0.003662 0.004639 0.004639 0.007751 0.003113 0.005127 0.003235 0.005981 0.002380 0.003906 0.005127 0.008667 0.015076 0.039062 0.071228 0.612915
0.064087 0.044067 0.021423 0.014160 0.009827 0.007996 0.007629 0.008911 0.009705 0.008545 0.009216 0.008606 0.008789 0.008850 0.005310 0.007202 0.004089 0.004517 0.002869 0.003967 0.004028 0.008728 0.014893 0.034363 0.056763 0.621460
0.067810 0.044617 0.019775 0.010254 0.008789 0.006714 0.005493 0.006042 0.005859 0.007385 0.009766 0.012451 0.012085 0.013550 0.007385 0.009155 0.005737 0.006104 0.005554 0.007568 0.007385 0.009705 0.018433 0.035217 0.054565 0.602600
0.065918 0.044495 0.025757 0.012756 0.009338 0.007507 0.006348 0.007019 0.007019 0.008362 0.009827 0.010437 0.011292 0.013123 0.006409 0.009033 0.004639 0.005554 0.005859 0.005920 0.005798 0.008911 0.014404 0.036438 0.056091 0.601746
0.075317 0.055298 0.025208 0.012451 0.009827 0.007935 0.005493 0.005188 0.005249 0.005432 0.004150 0.005859 0.007507 0.007690 0.004517 0.005554 0.003357 0.005920 0.003235 0.005554 0.005127 0.009460 0.019592 0.040283 0.066101 0.598694
0.073364 0.051331 0.019836 0.008179 0.006165 0.004578 0.003845 0.004089 0.003845 0.004456 0.005615 0.006836 0.006897 0.008179 0.005188 0.007141 0.003845 0.005371 0.003784 0.005066 0.005554 0.009949 0.016968 0.039429 0.063843 0.626648
0.080872 0.057190 0.017944 0.009094 0.007507 0.006592 0.004578 0.004333 0.003601 0.002991 0.003479 0.003418 0.002136 0.005493 0.003052 0.005432 0.002319 0.003052 0.002563 0.003845 0.004822 0.007629 0.015625 0.038452 0.064270 0.639709
0.068115 0.050842 0.017944 0.012085 0.009033 0.007324 0.005371 0.007324 0.005249 0.005859 0.007080 0.008301 0.007935 0.007812 0.005066 0.008545 0.003601 0.006775 0.004639 0.007202 0.005554 0.011230 0.016296 0.038269 0.058655 0.613892
0.067566 0.048279 0.019653 0.010742 0.007935 0.006531 0.004639 0.004822 0.004700 0.005737 0.004395 0.006775 0.006531 0.006592 0.004517 0.006165 0.003906 0.003967 0.003784 0.007690 0.007263 0.009888 0.018555 0.041321 0.059448 0.628601
0.067322 0.047607 0.025391 0.014587 0.011475 0.008850 0.006897 0.007324 0.006775 0.006287 0.006653 0.007019 0.008789 0.007996 0.006653 0.007935 0.005493 0.005493 0.007385 0.005127 0.007751 0.011719 0.019043 0.031372 0.060120 0.598938
0.063477 0.042297 0.019531 0.010620 0.005920 0.004944 0.002808 0.003235 0.002808 0.004272 0.004333 0.007751 0.007996 0.007446 0.004028 0.005066 0.003174 0.005127 0.002869 0.003906 0.005188 0.009277 0.019287 0.043762 0.078674 0.632202
0.075684 0.054932 0.023193 0.013123 0.007935 0.006897 0.005310 0.006165 0.005127 0.004700 0.005310 0.005554 0.005798 0.008179 0.004517 0.005859 0.003784 0.004211 0.004028 0.004639 0.005371 0.008667 0.016785 0.037292 0.065430 0.611511
0.061523 0.041687 0.021057 0.012329 0.009766 0.007751 0.009460 0.008118 0.008789 0.011108 0.013306 0.018066 0.021973 0.017883 0.009583 0.010437 0.006653 0.005737 0.004700 0.009033 0.007263 0.009644 0.017395 0.032288 0.057495 0.566956
0.065125 0.046387 0.022827 0.012817 0.010681 0.007629 0.007263 0.005920 0.006531 0.005981 0.007446 0.010071 0.013245 0.013794 0.008667 0.008728 0.005676 0.004456 0.005920 0.007019 0.006958 0.009583 0.019653 0.035156 0.059753 0.592712
0.074585 0.050354 0.022888 0.012085 0.007812 0.006958 0.005371 0.005615 0.005676 0.006592 0.006714 0.010315 0.008667 0.009399 0.005920 0.006104 0.004211 0.004028 0.003540 0.006348 0.006409 0.008118 0.017944 0.039001 0.060425 0.604919
0.077209 0.052856 0.024841 0.012451 0.010742 0.008118 0.005493 0.006470 0.005066 0.004700 0.004944 0.006104 0.006104 0.008972 0.003845 0.006348 0.002991 0.003723 0.003113 0.004395 0.004333 0.007263 0.015381 0.038818 0.061829 0.613892
0.074524 0.054077 0.018677 0.010132 0.008667 0.005066 0.004883 0.005127 0.004639 0.005005 0.006165 0.007629 0.007874 0.006775 0.006165 0.005493 0.004211 0.004211 0.005371 0.008789 0.006226 0.011475 0.018738 0.038086 0.058105 0.613892
0.081543 0.060608 0.018799 0.009399 0.004639 0.004089 0.003052 0.003296 0.003479 0.003052 0.003174 0.004089 0.004700 0.007874 0.003174 0.005371 0.002319 0.004517 0.001831 0.003601 0.003784 0.006958 0.017578 0.042114 0.064331 0.632629
0.072021 0.051697 0.020813 0.012939 0.008606 0.008667 0.006531 0.006470 0.006714 0.006226 0.007080 0.006775 0.005615 0.006653 0.004761 0.007751 0.004883 0.004883 0.004150 0.007324 0.007080 0.009888 0.017334 0.039551 0.064087 0.601501
0.070801 0.054871 0.021240 0.013977 0.008606 0.007812 0.006042 0.006653 0.006409 0.006836 0.006653 0.009827 0.008240 0.008545 0.005920 0.007874 0.004517 0.004944 0.004395 0.007202 0.007202 0.010071 0.018677 0.039856 0.066895 0.585938
0.062500 0.044434 0.017334 0.009521 0.006348 0.006287 0.005676 0.004395 0.004333 0.005371 0.004578 0.005005 0.005798 0.004761 0.004639 0.004822 0.003906 0.003235 0.004150 0.007263 0.005432 0.009460 0.018738 0.039917 0.060730 0.651367
0.068481 0.051758 0.024292 0.011841 0.007935 0.009521 0.006836 0.007019 0.007507 0.007507 0.006714 0.007019 0.007507 0.006531 0.006531 0.006226 0.005188 0.005188 0.005981 0.007996 0.008789 0.011658 0.020325 0.035339 0.062317 0.593994
0.072327 0.049438 0.025452 0.015930 0.011169 0.007385 0.008179 0.006958 0.006714 0.007935 0.007446 0.007751 0.008301 0.009583 0.005310 0.007019 0.004761 0.005127 0.004578 0.007324 0.007507 0.010193 0.015442 0.036011 0.060181 0.591980
0.067383 0.053955 0.022217 0.012451 0.009399 0.007507 0.006042 0.005676 0.004333 0.005188 0.005066 0.007690 0.006836 0.006836 0.004395 0.004639 0.003906 0.006409 0.003906 0.006653 0.006775 0.009705 0.017273 0.040222 0.061951 0.613586
0.077332 0.053589 0.022217 0.009521 0.007874 0.005188 0.005859 0.004333 0.005615 0.005005 0.005615 0.004517 0.005005 0.007263 0.004089 0.005859 0.003113 0.004761 0.003296 0.004272 0.005188 0.007690 0.014099 0.035461 0.057434 0.635803
0.072876 0.049133 0.019165 0.009766 0.007690 0.006165 0.005005 0.005371 0.005066 0.004761 0.004517 0.006653 0.006226 0.008972 0.004028 0.007935 0.003723 0.007202 0.004456 0.006836 0.006226 0.011719 0.020264 0.036072 0.066345 0.613831
0.065430 0.042847 0.019287 0.009033 0.007202 0.007874 0.005249 0.005188 0.005188 0.006470 0.006531 0.006653 0.007446 0.005798 0.005615 0.003052 0.003967 0.004883 0.004761 0.006409 0.006653 0.012207 0.019531 0.041626 0.065002 0.626099
0.090393 0.062012 0.023987 0.010193 0.007141 0.004761 0.003174 0.002869 0.002625 0.002563 0.002563 0.003357 0.003601 0.007812 0.002747 0.005554 0.002136 0.004333 0.002441 0.004456 0.005310 0.008423 0.016541 0.037842 0.067017 0.616150
0.069824 0.050781 0.017883 0.010193 0.007324 0.005432 0.004944 0.004578 0.004700 0.006470 0.007629 0.012634 0.018494 0.013611 0.008057 0.006226 0.004883 0.005310 0.003662 0.006958 0.006897 0.011108 0.016296 0.038940 0.057495 0.599670
0.078491 0.054504 0.022888 0.010376 0.007629 0.006042 0.004150 0.004089 0.004761 0.003418 0.004639 0.004883 0.004639 0.003418 0.003601 0.004089 0.003174 0.004578 0.003479 0.006775 0.005981 0.008362 0.017334 0.036316 0.065186 0.627197
0.068359 0.052063 0.020447 0.009216 0.007935 0.006104 0.005249 0.005005 0.005615 0.006226 0.006836 0.008057 0.010071 0.007507 0.005615 0.006165 0.005310 0.004944 0.004211 0.006592 0.006897 0.010193 0.018005 0.038635 0.065918 0.608826
0.074219 0.049011 0.018982 0.013245 0.007263 0.005493 0.005310 0.004761 0.003906 0.004395 0.004578 0.006409 0.005432 0.007385 0.003723 0.008118 0.003540 0.004517 0.004272 0.006653 0.006836 0.009521 0.018127 0.041626 0.060791 0.621887
0.065430 0.046021 0.018433 0.008728 0.006042 0.005127 0.004028 0.003967 0.003845 0.005554 0.005798 0.005737 0.006104 0.004456 0.004578 0.003235 0.004700 0.003601 0.003540 0.004761 0.005371 0.007751 0.016113 0.040955 0.069031 0.647095
0.072754 0.046387 0.019043 0.010925 0.008118 0.005676 0.006592 0.004883 0.005005 0.005493 0.005310 0.007629 0.009705 0.011108 0.005981 0.009521 0.005249 0.008179 0.005859 0.005981 0.007690 0.011536 0.019958 0.037048 0.062073 0.602295
0.075806 0.057434 0.022095 0.014526 0.009216 0.008057 0.005066 0.005859 0.004150 0.004700 0.003479 0.003235 0.003052 0.005371 0.003723 0.004395 0.002747 0.003967 0.002747 0.003845 0.004883 0.006592 0.015259 0.038269 0.059692 0.631836
0.076111 0.055420 0.026733 0.009521 0.005554 0.005737 0.003235 0.004761 0.001709 0.003662 0.002441 0.003235 0.001953 0.001648 0.001282 0.001831 0.001160 0.001648 0.001709 0.004578 0.003723 0.007446 0.013977 0.041870 0.067078 0.651978
0.058289 0.037109 0.018127 0.010437 0.010315 0.008362 0.009155 0.009155 0.011780 0.014771 0.015747 0.022095 0.025391 0.023376 0.013367 0.013733 0.008789 0.009460 0.006836 0.007446 0.007385 0.010315 0.017151 0.030212 0.046021 0.555176
0.063599 0.047180 0.019775 0.009277 0.006470 0.006226 0.005798 0.005859 0.005737 0.006226 0.007751 0.009033 0.008789 0.007996 0.008789 0.007385 0.005554 0.004578 0.005676 0.005798 0.006042 0.010193 0.015808 0.037537 0.056885 0.626038
0.070923 0.056519 0.021790 0.011841 0.008545 0.007812 0.005615 0.006287 0.005493 0.006104 0.006836 0.008911 0.008057 0.006836 0.006470 0.008179 0.005920 0.008240 0.005066 0.007996 0.007141 0.011292 0.016785 0.033997 0.057190 0.600159
0.065308 0.049866 0.019287 0.012146 0.008850 0.006470 0.006042 0.007690 0.005554 0.005981 0.006042 0.009216 0.009766 0.015076 0.006653 0.012634 0.006836 0.010254 0.005676 0.007568 0.008545 0.011963 0.017700 0.037537 0.058289 0.589050
0.072876 0.050293 0.022217 0.012634 0.009460 0.007874 0.005859 0.006409 0.007507 0.005859 0.006897 0.007996 0.006897 0.012390 0.005493 0.007202 0.004211 0.005737 0.004089 0.004883 0.005676 0.007874 0.015442 0.039429 0.061279 0.603516
0.098694 0.062683 0.023315 0.009766 0.006470 0.004333 0.002930 0.004150 0.002930 0.002686 0.003052 0.003052 0.002563 0.004211 0.003235 0.002808 0.002930 0.004395 0.002197 0.005310 0.004761 0.007568 0.015442 0.039856 0.069702 0.610962
0.060425 0.044067 0.023804 0.011841 0.007446 0.006165 0.005249 0.004944 0.005493 0.006897 0.007507 0.012512 0.014832 0.012939 0.009033 0.008240 0.004639 0.008606 0.006897 0.007324 0.008118 0.014404 0.020142 0.032837 0.078613 0.577026
0.060791 0.049194 0.018982 0.009460 0.006531 0.005371 0.004883 0.006226 0.005066 0.005432 0.005310 0.006897 0.006531 0.006409 0.005188 0.005066 0.005310 0.003418 0.005615 0.007141 0.006348 0.011414 0.018127 0.040344 0.062744 0.632202
0.074097 0.049377 0.024536 0.013489 0.007507 0.007812 0.004517 0.005249 0.004333 0.004028 0.003418 0.003174 0.004639 0.003723 0.002991 0.003967 0.001831 0.002930 0.002441 0.008240 0.005432 0.010010 0.018799 0.042236 0.068359 0.622864
0.071594 0.050171 0.023315 0.011230 0.010132 0.007507 0.005188 0.006348 0.005066 0.005371 0.006470 0.005554 0.006775 0.007446 0.005188 0.007446 0.004028 0.005615 0.002930 0.005188 0.005310 0.008179 0.015747 0.039795 0.063538 0.614868
0.041931 0.026672 0.017029 0.011597 0.012817 0.012085 0.011536 0.013000 0.017151 0.022644 0.026794 0.038879 0.050293 0.033142 0.022766 0.016907 0.013306 0.010742 0.010437 0.009521 0.011963 0.013611 0.016479 0.025940 0.043640 0.469116
0.064453 0.044617 0.021729 0.010742 0.007141 0.005676 0.005676 0.005554 0.007141 0.007263 0.009094 0.012146 0.014526 0.014648 0.010193 0.009827 0.006958 0.008179 0.005371 0.004883 0.005066 0.008789 0.018799 0.035400 0.057556 0.598572
0.073181 0.049500 0.024841 0.013062 0.009399 0.006287 0.005432 0.005127 0.005066 0.004883 0.006409 0.008911 0.007202 0.011658 0.007080 0.008057 0.005005 0.005798 0.005554 0.006897 0.008850 0.011414 0.019592 0.034729 0.054016 0.602051
0.064270 0.042480 0.024109 0.012695 0.010864 0.007751 0.006653 0.006592 0.008911 0.007385 0.008423 0.010498 0.011536 0.014160 0.008240 0.008667 0.005737 0.005005 0.005615 0.005554 0.008057 0.010803 0.019836 0.033264 0.056091 0.596802
0.074951 0.049194 0.021973 0.011292 0.008057 0.005859 0.004700 0.004822 0.003967 0.004456 0.005493 0.004578 0.006042 0.006836 0.002747 0.004211 0.002563 0.002808 0.003479 0.006531 0.005798 0.010071 0.017639 0.042847 0.069458 0.619629
0.071411 0.047668 0.020325 0.009399 0.007324 0.006042 0.004944 0.004639 0.005127 0.004883 0.004761 0.007202 0.007019 0.009583 0.006104 0.007568 0.004944 0.006714 0.005920 0.005859 0.006226 0.009216 0.017029 0.036377 0.056335 0.627380
0.075867 0.049622 0.023743 0.012573 0.008484 0.006897 0.005920 0.006348 0.006348 0.006470 0.007751 0.007263 0.007629 0.009583 0.006592 0.006836 0.003723 0.005005 0.004272 0.005127 0.007202 0.010071 0.017395 0.039490 0.063538 0.596252
0.071289 0.051514 0.023621 0.012085 0.010315 0.007935 0.006958 0.008301 0.007446 0.007690 0.006470 0.007202 0.006714 0.009338 0.005981 0.006409 0.003784 0.005432 0.003235 0.004333 0.004517 0.007935 0.015076 0.037170 0.062744 0.606506
0.066956 0.037598 0.021606 0.016968 0.012817 0.010681 0.009155 0.008484 0.008789 0.009094 0.009521 0.011597 0.015381 0.012817 0.009155 0.008423 0.006958 0.007202 0.006897 0.009399 0.008667 0.013428 0.019409 0.035278 0.059937 0.563782
0.068909 0.051880 0.018494 0.008545 0.008972 0.008179 0.005005 0.006348 0.007141 0.006409 0.007935 0.008240 0.010925 0.008728 0.006348 0.007385 0.005676 0.005554 0.006165 0.008606 0.008362 0.009949 0.014893 0.037842 0.055298 0.608215
0.064697 0.047607 0.017944 0.009888 0.007996 0.006958 0.006226 0.006287 0.007446 0.009216 0.010254 0.011536 0.012512 0.013855 0.009521 0.009094 0.004272 0.005554 0.004089 0.004333 0.004700 0.008911 0.016602 0.035583 0.059631 0.605286
0.067017 0.042908 0.020569 0.013123 0.009216 0.008667 0.006592 0.006409 0.006287 0.007019 0.008789 0.012512 0.012268 0.015808 0.008240 0.009216 0.005432 0.005310 0.004944 0.006897 0.007996 0.011047 0.018127 0.035645 0.055603 0.594360
0.065369 0.041870 0.022888 0.011353 0.009155 0.006958 0.007202 0.006531 0.006836 0.007385 0.010925 0.011841 0.015808 0.011902 0.008789 0.007812 0.005371 0.006104 0.005127 0.005493 0.007202 0.009399 0.016663 0.033813 0.060913 0.597290
0.083130 0.055664 0.020386 0.008911 0.005920 0.003845 0.003479 0.003845 0.003296 0.002441 0.002991 0.003296 0.002930 0.005615 0.002563 0.005554 0.002930 0.004456 0.002808 0.004639 0.005005 0.008789 0.015564 0.034851 0.059265 0.647827
0.065002 0.044739 0.024292 0.014221 0.009766 0.006592 0.006042 0.006287 0.006897 0.006409 0.007141 0.009399 0.010681 0.011963 0.007446 0.007812 0.004272 0.005310 0.004700 0.005310 0.005920 0.008728 0.017395 0.036316 0.055359 0.612000
0.064087 0.044067 0.020142 0.008545 0.005554 0.005310 0.003906 0.004822 0.004578 0.007080 0.005798 0.005554 0.007202 0.005371 0.004639 0.005188 0.005676 0.006042 0.005005 0.008240 0.007812 0.012146 0.019531 0.038940 0.063049 0.631714
0.067017 0.045410 0.017212 0.012085 0.008301 0.007446 0.005798 0.005676 0.008057 0.009949 0.010254 0.011292 0.011902 0.012695 0.009033 0.010010 0.006409 0.008789 0.006042 0.007324 0.007568 0.010559 0.017517 0.037842 0.055237 0.590576
0.056946 0.045410 0.018982 0.009644 0.007874 0.007874 0.007202 0.008240 0.008423 0.009460 0.010315 0.012634 0.013184 0.011658 0.008667 0.007568 0.006287 0.005920 0.004822 0.007446 0.007385 0.008118 0.017273 0.032715 0.056335 0.609619
0.061768 0.047119 0.019775 0.012268 0.008118 0.006470 0.006531 0.006042 0.007507 0.007812 0.007874 0.009094 0.010681 0.011047 0.007629 0.007202 0.006531 0.007202 0.005249 0.005554 0.005432 0.011230 0.017761 0.034607 0.054688 0.614807
0.078186 0.054199 0.018677 0.009888 0.007019 0.004883 0.003418 0.003235 0.002808 0.003113 0.002319 0.002625 0.002380 0.004395 0.002686 0.005249 0.002991 0.003174 0.004272 0.005127 0.006470 0.008972 0.017334 0.040100 0.064392 0.642090
0.055237 0.044373 0.018921 0.008911 0.007568 0.008118 0.009888 0.009277 0.008728 0.011475 0.012207 0.017090 0.018677 0.018066 0.011475 0.009033 0.008606 0.005920 0.005859 0.007996 0.008362 0.011719 0.017944 0.034668 0.054016 0.575867
0.059998 0.047546 0.020081 0.010437 0.007996 0.006714 0.007324 0.007568 0.006897 0.007874 0.008423 0.008606 0.007202 0.010376 0.007202 0.008667 0.005005 0.007202 0.004395 0.004456 0.006958 0.008667 0.017212 0.032288 0.053772 0.627136
0.071411 0.043884 0.023315 0.015930 0.011047 0.009216 0.007629 0.007996 0.007751 0.006470 0.007874 0.007874 0.009827 0.010498 0.007202 0.008606 0.006409 0.007019 0.005981 0.007812 0.008301 0.013123 0.020874 0.036621 0.059570 0.577759
0.074280 0.051025 0.020935 0.011292 0.008728 0.006165 0.006470 0.005981 0.005127 0.006836 0.005981 0.006592 0.006775 0.008728 0.006348 0.008362 0.004883 0.005310 0.004395 0.005432 0.005798 0.007324 0.016663 0.034668 0.060120 0.615784
0.062744 0.042175 0.018433 0.011780 0.010559 0.008789 0.008057 0.008423 0.008362 0.011597 0.013977 0.016479 0.018555 0.015686 0.012329 0.010254 0.007751 0.008545 0.006042 0.007874 0.008301 0.010681 0.017822 0.037231 0.059204 0.558350
0.067200 0.044800 0.021851 0.012024 0.008545 0.007629 0.005249 0.007446 0.006042 0.007690 0.009705 0.012329 0.016663 0.014893 0.008240 0.009583 0.005066 0.006409 0.007935 0.007935 0.008240 0.011719 0.019348 0.036194 0.062317 0.574951
0.080444 0.053162 0.023804 0.013855 0.009216 0.008240 0.006470 0.006226 0.004517 0.005432 0.005127 0.004028 0.004517 0.006104 0.003357 0.005066 0.002563 0.004517 0.002258 0.003601 0.005493 0.007080 0.013672 0.039062 0.063293 0.618896
0.050537 0.038513 0.018127 0.011169 0.008789 0.008484 0.006836 0.010193 0.011902 0.014526 0.017700 0.022461 0.024353 0.019470 0.016235 0.013123 0.009949 0.007446 0.008484 0.008057 0.007324 0.011719 0.017700 0.032349 0.050232 0.554321
0.070312 0.048401 0.019287 0.010864 0.009094 0.007019 0.005249 0.004456 0.004639 0.005249 0.005127 0.006287 0.007812 0.010132 0.005981 0.007507 0.004211 0.005737 0.005310 0.006592 0.005859 0.010437 0.019287 0.038269 0.061646 0.615234
0.085510 0.054260 0.026733 0.011475 0.007202 0.005737 0.004333 0.003845 0.003296 0.003052 0.002197 0.002441 0.002441 0.003845 0.002197 0.004456 0.002197 0.003418 0.002747 0.004333 0.005920 0.009705 0.018127 0.042725 0.065308 0.622498
0.066101 0.050964 0.022766 0.011719 0.007385 0.007568 0.007263 0.007812 0.006165 0.006165 0.006226 0.006287 0.008057 0.009338 0.005249 0.007446 0.003113 0.006531 0.004333 0.003845 0.005920 0.009216 0.015564 0.036438 0.058044 0.620483
0.074219 0.048462 0.025391 0.015442 0.011230 0.009094 0.007568 0.007263 0.005798 0.005127 0.006226 0.006531 0.005737 0.006409 0.004395 0.007812 0.004333 0.004761 0.004150 0.007019 0.008179 0.010925 0.020081 0.040527 0.062866 0.590454
0.068054 0.045837 0.022827 0.014099 0.010437 0.007935 0.007874 0.007324 0.007690 0.008850 0.007935 0.007568 0.008423 0.009033 0.007080 0.009033 0.005310 0.007690 0.006348 0.007202 0.007874 0.011597 0.017273 0.031982 0.058594 0.596130
0.066528 0.052063 0.018494 0.011169 0.008484 0.005737 0.006653 0.005920 0.008484 0.007751 0.011353 0.011719 0.011475 0.012817 0.008728 0.013733 0.006653 0.006592 0.007812 0.008972 0.007812 0.011475 0.020081 0.035889 0.056519 0.577087
0.082397 0.055847 0.020325 0.009705 0.007080 0.003784 0.002930 0.002991 0.002258 0.002380 0.001404 0.002808 0.002258 0.003784 0.002686 0.003601 0.003235 0.006165 0.002991 0.003540 0.004456 0.007935 0.014832 0.037170 0.060669 0.652771
